,INDEX_TestResults,Input_TotalNumTests,Input_TotalNumIts,Input_RNRangeStart,Input_RNRangeEnd,Input_RNRangeDiv,Input_ModDiv,Val_kthTest,Val_nthIt,Val_RN,Val_A,Val_B,PIVOT_FinalVal_kthTest,PIVOT_FinalVal_nthIt,PIVOT_FinalVal_RN,PIVOT_FinalVal_A,PIVOT_FinalVal_B,PIVOT_ModA,PIVOT_ModB,PIVOT_TestResult
0,[0],10,5,1,100,80,255,0,0,0.6125,0.6125,0.6125,[0],[0],[0],[0],[0],[0],[0],[0]
1,[0],10,5,1,100,80,255,0,1,0.5,1.1125,1.725,[0],[0],[0],[0],[0],[0],[0],[0]
2,[0],10,5,1,100,80,255,0,2,0.9625,2.075,3.8,[0],[0],[0],[0],[0],[0],[0],[0]
3,[0],10,5,1,100,80,255,0,3,0.65,2.725,6.525,[0],[0],[0],[0],[0],[0],[0],[0]
4,[0],10,5,1,100,80,255,0,4,0.125,2.85,9.375,[0],[0],[0],[0],[0],[0],[0],[0]
5,[0],10,5,1,100,80,255,1,0,0.9375,3.7875,13.1625,[0],[0],[0],[0],[0],[0],[0],[0]
6,[0],10,5,1,100,80,255,1,1,0.8375,4.625,17.7875,[0],[0],[0],[0],[0],[0],[0],[0]
7,[0],10,5,1,100,80,255,1,2,0.8375,5.4625,23.25,[0],[0],[0],[0],[0],[0],[0],[0]
8,[0],10,5,1,100,80,255,1,3,0.2625,5.725,28.975,[0],[0],[0],[0],[0],[0],[0],[0]
9,[0],10,5,1,100,80,255,1,4,0.375,6.1,35.075,[0],[0],[0],[0],[0],[0],[0],[0]
10,[0],10,5,1,100,80,255,2,0,0.9125,7.0125,42.0875,[0],[0],[0],[0],[0],[0],[0],[0]
11,[0],10,5,1,100,80,255,2,1,0.75,7.7625,49.85,[0],[0],[0],[0],[0],[0],[0],[0]
12,[0],10,5,1,100,80,255,2,2,0.575,8.3375,58.1875,[0],[0],[0],[0],[0],[0],[0],[0]
13,[0],10,5,1,100,80,255,2,3,0.325,8.6625,66.85,[0],[0],[0],[0],[0],[0],[0],[0]
14,[0],10,5,1,100,80,255,2,4,0.8,9.4625,76.3125,[0],[0],[0],[0],[0],[0],[0],[0]
15,[0],10,5,1,100,80,255,3,0,0.85,10.3125,86.625,[0],[0],[0],[0],[0],[0],[0],[0]
16,[0],10,5,1,100,80,255,3,1,0.3,10.6125,97.2375,[0],[0],[0],[0],[0],[0],[0],[0]
17,[0],10,5,1,100,80,255,3,2,1.1,11.7125,108.95,[0],[0],[0],[0],[0],[0],[0],[0]
18,[0],10,5,1,100,80,255,3,3,1.15,12.8625,121.8125,[0],[0],[0],[0],[0],[0],[0],[0]
19,[0],10,5,1,100,80,255,3,4,1.2125,14.075,135.8875,[0],[0],[0],[0],[0],[0],[0],[0]
20,[0],10,5,1,100,80,255,4,0,0.65,14.725,150.6125,[0],[0],[0],[0],[0],[0],[0],[0]
21,[0],10,5,1,100,80,255,4,1,0.875,15.6,166.2125,[0],[0],[0],[0],[0],[0],[0],[0]
22,[0],10,5,1,100,80,255,4,2,0.175,15.775,181.9875,[0],[0],[0],[0],[0],[0],[0],[0]
23,[0],10,5,1,100,80,255,4,3,0.0125,15.7875,197.775,[0],[0],[0],[0],[0],[0],[0],[0]
24,[0],10,5,1,100,80,255,4,4,0.1875,15.975,213.75,[0],[0],[0],[0],[0],[0],[0],[0]
25,[0],10,5,1,100,80,255,5,0,0.8875,16.8625,230.6125,[0],[0],[0],[0],[0],[0],[0],[0]
26,[0],10,5,1,100,80,255,5,1,1.15,18.0125,248.625,[0],[0],[0],[0],[0],[0],[0],[0]
27,[0],10,5,1,100,80,255,5,2,0.3875,18.4,267.025,[0],[0],[0],[0],[0],[0],[0],[0]
28,[0],10,5,1,100,80,255,5,3,0.0875,18.4875,285.5125,[0],[0],[0],[0],[0],[0],[0],[0]
29,[0],10,5,1,100,80,255,5,4,0.7125,19.2,304.7125,[0],[0],[0],[0],[0],[0],[0],[0]
30,[0],10,5,1,100,80,255,6,0,1.175,20.375,325.0875,[0],[0],[0],[0],[0],[0],[0],[0]
31,[0],10,5,1,100,80,255,6,1,0.375,20.75,345.8375,[0],[0],[0],[0],[0],[0],[0],[0]
32,[0],10,5,1,100,80,255,6,2,0.0125,20.7625,366.6,[0],[0],[0],[0],[0],[0],[0],[0]
33,[0],10,5,1,100,80,255,6,3,1.0375,21.8,388.4,[0],[0],[0],[0],[0],[0],[0],[0]
34,[0],10,5,1,100,80,255,6,4,0.825,22.625,411.025,[0],[0],[0],[0],[0],[0],[0],[0]
35,[0],10,5,1,100,80,255,7,0,0.6125,23.2375,434.2625,[0],[0],[0],[0],[0],[0],[0],[0]
36,[0],10,5,1,100,80,255,7,1,0.15,23.3875,457.65,[0],[0],[0],[0],[0],[0],[0],[0]
37,[0],10,5,1,100,80,255,7,2,0.1625,23.55,481.2,[0],[0],[0],[0],[0],[0],[0],[0]
38,[0],10,5,1,100,80,255,7,3,0.35,23.9,505.1,[0],[0],[0],[0],[0],[0],[0],[0]
39,[0],10,5,1,100,80,255,7,4,0.6625,24.5625,529.6625,[0],[0],[0],[0],[0],[0],[0],[0]
40,[0],10,5,1,100,80,255,8,0,1.125,25.6875,555.35,[0],[0],[0],[0],[0],[0],[0],[0]
41,[0],10,5,1,100,80,255,8,1,0.9125,26.6,581.95,[0],[0],[0],[0],[0],[0],[0],[0]
42,[0],10,5,1,100,80,255,8,2,1.0,27.6,609.55,[0],[0],[0],[0],[0],[0],[0],[0]
43,[0],10,5,1,100,80,255,8,3,1.2375,28.8375,638.3875,[0],[0],[0],[0],[0],[0],[0],[0]
44,[0],10,5,1,100,80,255,8,4,0.5375,29.375,667.7625,[0],[0],[0],[0],[0],[0],[0],[0]
45,[0],10,5,1,100,80,255,9,0,0.8875,30.2625,698.025,[0],[0],[0],[0],[0],[0],[0],[0]
46,[0],10,5,1,100,80,255,9,1,1.125,31.3875,729.4125,[0],[0],[0],[0],[0],[0],[0],[0]
47,[0],10,5,1,100,80,255,9,2,0.025,31.4125,760.825,[0],[0],[0],[0],[0],[0],[0],[0]
48,[0],10,5,1,100,80,255,9,3,0.475,31.8875,792.7125,[0],[0],[0],[0],[0],[0],[0],[0]
49,[0],10,5,1,100,80,255,9,4,1.2125,33.1,825.8125,[0],[0],[0],[0],[0],[0],[0],[0]
